NG_063821.1:101-2098	Staphylococcus_aureus__GCF_007185035.1_ASM71850__lcl|NZ_AP019751.1_cds_WP_128268231.1_63__loc=complement(70407..72404)	100.000	1998	1998	1998	0	0	1	1998	1	1998	0.0	3690	plus
NG_063821.1:101-2098	Staphylococcus_xylosus__GCF_900098615.1_10900_2__lcl|NZ_FMRS01000004.1_cds_WP_000725529.1_470__loc=complement(318063..320060)	96.346	1998	1998	1998	73	0	1	1998	1	1998	0.0	3286	plus
NG_063821.1:101-2098	Staphylococcus_aureus__GCF_900250205.1_H1__lcl|NZ_OFUE01000022.1_cds_WP_000725529.1_2733__loc=complement(10884..12881)	96.346	1998	1998	1998	73	0	1	1998	1	1998	0.0	3286	plus
NG_063821.1:101-2098	Staphylococcus_aureus__GCF_900250185.1_H1__lcl|NZ_OFUF01000027.1_cds_WP_000725529.1_544__loc=473635..475632	96.346	1998	1998	1998	73	0	1	1998	1	1998	0.0	3286	plus
NG_063821.1:101-2098	Staphylococcus_aureus__GCF_900098145.1_9119_2__lcl|NZ_FMPY01000028.1_cds_WP_070030889.1_1022__loc=complement(10898..12895)	96.346	1998	1998	1998	73	0	1	1998	1	1998	0.0	3286	plus
NG_063821.1:101-2098	Staphylococcus_aureus__GCF_900098015.1_9119_2__lcl|NZ_FMPJ01000002.1_cds_WP_000725529.1_834__loc=complement(132402..134399)	96.346	1998	1998	1998	73	0	1	1998	1	1998	0.0	3286	plus
NG_063821.1:101-2098	Staphylococcus_aureus__GCF_900251055.1_M2__lcl|NZ_OFXI01000006.1_cds_WP_000725529.1_1656__loc=458053..460050	96.346	1998	1998	1998	73	0	1	1998	1	1998	0.0	3286	plus
NG_063821.1:101-2098	Staphylococcus_aureus__GCF_900250485.1_H1__lcl|NZ_OFVD01000061.1_cds_WP_000725529.1_740__loc=complement(81014..83011)	96.346	1998	1998	1998	73	0	1	1998	1	1998	0.0	3286	plus
NG_063821.1:101-2098	Staphylococcus_aureus__GCF_002077235.1_ASM20772__lcl|NZ_LUFG01000164.1_cds_WP_000725529.1_982__loc=15504..17501	96.346	1998	1998	1998	73	0	1	1998	1	1998	0.0	3286	plus
NG_063821.1:101-2098	Staphylococcus_aureus__GCF_003030085.1_ASM30300__lcl|NZ_CP028165.1_cds_WP_000725529.1_1553__loc=complement(1562300..1564297)	96.346	1998	1998	1998	73	0	1	1998	1	1998	0.0	3286	plus
NG_063821.1:101-2098	Staphylococcus_aureus__GCF_000982735.1_7092_7__lcl|NZ_CHEJ01000001.1_cds_WP_000725529.1_406__loc=420362..422359	96.346	1998	1998	1998	73	0	1	1998	1	1998	0.0	3286	plus
NG_063821.1:101-2098	Staphylococcus_aureus__GCF_001209085.1_7907_7__lcl|NZ_CSBB01000001.1_cds_WP_000725529.1_386__loc=complement(393022..395019)	96.346	1998	1998	1998	73	0	1	1998	1	1998	0.0	3286	plus
NG_063821.1:101-2098	Staphylococcus_aureus__GCF_001208645.1_7907___lcl|NZ_CSBE01000001.1_cds_WP_000725529.1_617__loc=complement(601177..603174)	96.346	1998	1998	1998	73	0	1	1998	1	1998	0.0	3286	plus
NG_063821.1:101-2098	Staphylococcus_aureus__GCF_001203975.1_7092_7__lcl|NZ_CSAX01000004.1_cds_WP_000725529.1_1049__loc=108139..110136	96.346	1998	1998	1998	73	0	1	1998	1	1998	0.0	3286	plus
NG_063821.1:101-2098	Staphylococcus_aureus__GCF_001197935.1_7907_7__lcl|NZ_CSBF01000001.1_cds_WP_000725529.1_385__loc=complement(393015..395012)	96.346	1998	1998	1998	73	0	1	1998	1	1998	0.0	3286	plus
NG_063821.1:101-2098	Staphylococcus_aureus__GCF_001196615.1_7907_7__lcl|NZ_CSBD01000005.1_cds_WP_000725529.1_1668__loc=complement(132542..134539)	96.346	1998	1998	1998	73	0	1	1998	1	1998	0.0	3286	plus
NG_063821.1:101-2098	Staphylococcus_aureus__GCF_001193975.1_7907_7__lcl|NZ_CSBJ01000001.1_cds_WP_000725529.1_617__loc=complement(601321..603318)	96.346	1998	1998	1998	73	0	1	1998	1	1998	0.0	3286	plus
NG_063821.1:101-2098	Staphylococcus_aureus__GCF_000237265.1_ASM2372__lcl|NC_017349.1_cds_WP_000725529.1_29__loc=complement(35681..37678)	96.346	1998	1998	1998	73	0	1	1998	1	1998	0.0	3286	plus
NG_063821.1:101-2098	Staphylococcus_aureus__GCF_900251385.1_M3__lcl|NZ_OFYQ01000050.1_cds_WP_103153067.1_556__loc=complement(541730..543727)	96.296	1998	1998	1998	74	0	1	1998	1	1998	0.0	3280	plus
NG_063821.1:101-2098	Staphylococcus_aureus__GCF_900635255.1_40415___lcl|NZ_LR134084.1_cds_29__loc=complement(35163..37159)	96.296	1998	1998	1997	73	1	1	1998	1	1997	0.0	3278	plus
NG_063821.1:101-2098	Staphylococcus_edaphicus__GCF_002614725.1_ASM26147__lcl|NZ_MRZN01000005.1_cds_WP_099089841.1_2122__loc=complement(61123..63120)	96.246	1998	1998	1998	75	0	1	1998	1	1998	0.0	3275	plus
NG_063821.1:101-2098	Staphylococcus_edaphicus__GCF_002614725.1_ASM26147__lcl|NZ_MRZN01000005.1_cds_WP_099089841.1_2122__loc=complement(61123..63120)	96.246	1998	1998	1998	75	0	1	1998	1	1998	0.0	3275	plus
NG_063821.1:101-2098	Staphylococcus_saprophyticus__GCF_900097965.1_12075_1__lcl|NZ_FMPG01000008.1_cds_WP_069996660.1_320__loc=9690..11687	91.946	1999	1998	1998	159	2	1	1998	1	1998	0.0	2798	plus
NG_063821.1:101-2098	Staphylococcus_saprophyticus__GCF_900097975.1_12075_1__lcl|NZ_FMPI01000032.1_cds_WP_069996660.1_780__loc=9668..11665	91.946	1999	1998	1998	159	2	1	1998	1	1998	0.0	2798	plus
NG_063821.1:101-2098	Staphylococcus_pseudoxylosus__GCF_003697915.1_ASM36979__lcl|NZ_RCVN01000005.1_cds_2098__loc=complement(79226..81222)	91.119	1993	1998	1997	174	3	1	1992	1	1991	0.0	2697	plus
NG_063821.1:101-2098	Staphylococcus_aureus__GCF_900058615.1_7564_8__lcl|NZ_FGZX01000036.1_cds_WP_078056052.1_2994__loc=9529..11538	74.922	1284	1998	2010	287	29	726	1992	739	2004	4.66e-154	555	plus
